      0/99     1.19G    0.1004   0.04317   0.03429    0.1779        34       480 0.0003174   0.03049 3.259e-05  4.94e-06   0.09624   0.03169    0.0357
      1/99     1.81G   0.09958   0.04305   0.03319    0.1758        18       480   0.03615   0.06707   0.02745  0.005349   0.09848   0.03096   0.03582
      2/99     1.81G   0.09871   0.04348   0.03256    0.1748        15       480  0.005191    0.1159  0.003343 0.0008626    0.1006   0.03256   0.04673
      3/99     1.81G   0.09763   0.04379   0.03135    0.1728        25       480 0.0002961   0.02617 0.0002327 4.515e-05   0.09586   0.03239    0.0352
      4/99     1.81G   0.09526   0.04317   0.03152    0.1699        21       480    0.7585    0.0122  0.001811 0.0003119   0.08979   0.03428   0.03495
      5/99     1.81G   0.09172   0.04416   0.03001    0.1659        28       480    0.3055   0.09474    0.0298  0.007219   0.08717   0.03121   0.03358
      6/99     1.81G   0.08753   0.04109   0.02774    0.1564        51       480    0.8123   0.05603   0.03501  0.007502   0.08436   0.03057   0.03248
      7/99     1.81G   0.08441   0.04168    0.0251    0.1512        19       480    0.5769    0.1262   0.05268   0.01344   0.07876   0.03361   0.02612
      8/99     1.81G   0.08248   0.04026   0.02139    0.1441        26       480    0.5807    0.1562   0.07272   0.01584   0.07681   0.02919   0.02037
      9/99     1.81G   0.07884   0.04034   0.01765    0.1368        29       480    0.6125    0.1533   0.08014   0.01742   0.07758    0.0297   0.01937
     10/99     1.81G   0.07556   0.03983   0.01532    0.1307        22       480    0.6152    0.1577   0.09458   0.02294    0.0752   0.03076   0.02811
     11/99     1.81G   0.07418   0.04076   0.01397    0.1289        71       480      0.38    0.1669   0.09643   0.02572   0.07542   0.02997   0.02624
     12/99     1.81G   0.07246   0.03952   0.01315    0.1251        22       480    0.3978    0.2257    0.1355   0.03037    0.0712   0.02845   0.02145
     13/99     1.81G   0.07214   0.03935   0.01187    0.1234        15       480     0.465    0.2367    0.1686   0.04372   0.06778   0.02781   0.01755
     14/99     1.81G    0.0699   0.03946   0.01109    0.1204        44       480    0.1928      0.36    0.1897   0.04415   0.07055   0.02834   0.01024
     15/99     1.81G   0.06967   0.03916   0.00986    0.1187        34       480    0.4565    0.2724    0.2122   0.05604   0.06672   0.02597  0.009473
     16/99     1.81G   0.06813    0.0396  0.009331    0.1171        33       480     0.401    0.1944    0.1139   0.02943   0.07305   0.02789    0.0221
     17/99     1.81G   0.06759   0.03924  0.009088    0.1159        16       480    0.2656    0.3765    0.2564   0.06475   0.06559   0.02731  0.009145
     18/99     1.81G   0.06615   0.04013  0.008819    0.1151        54       480    0.2282     0.392    0.2469   0.06176   0.06524   0.02649   0.01129
     19/99     1.81G   0.06575   0.03815  0.008595    0.1125        18       480    0.2203    0.4497    0.2747   0.06962   0.06485   0.02585   0.01005
     20/99     1.81G   0.06545   0.03798  0.008193    0.1116        30       480    0.4615    0.3546    0.3229   0.09657   0.06348   0.02638  0.008586
     21/99     1.81G   0.06503   0.03816  0.007898    0.1111        29       480    0.2791    0.3235    0.2171   0.05141   0.06653   0.02808   0.01437
     22/99     1.81G   0.06363   0.03741  0.008133    0.1092         9       480    0.2911    0.4088    0.2957   0.07364   0.06413   0.02531   0.01069
     23/99     1.81G   0.06441   0.03797  0.007306    0.1097        24       480    0.3613    0.4053    0.3156    0.1024   0.06615    0.0261    0.0126
     24/99     1.81G   0.06284   0.03754  0.006914    0.1073        29       480    0.2819    0.4751    0.3271   0.08991    0.0624   0.02571  0.007731
     25/99     1.81G   0.06305   0.03833  0.007062    0.1084        34       480    0.3896    0.4561     0.384    0.1121   0.06137   0.02528  0.007913
     26/99     1.81G   0.06237   0.03712  0.006853    0.1063        22       480    0.3393    0.5481    0.3807   0.09895   0.06129   0.02514  0.006811
     27/99     1.81G   0.06233   0.03851  0.006339    0.1072        41       480    0.3658       0.5    0.3655   0.09692   0.06253   0.02484  0.007886
     28/99     1.81G   0.06194   0.03772  0.006034    0.1057        12       480    0.4451    0.3905    0.3477    0.1035   0.06333   0.02506   0.01084
     29/99     1.81G   0.06162   0.03909  0.005749    0.1065        41       480    0.4117    0.4924    0.3997     0.114   0.06091    0.0247  0.008578
     30/99     1.81G   0.06095   0.03745  0.005594     0.104        17       480     0.427     0.503    0.3977    0.1091   0.06135   0.02448  0.007296
     31/99     1.81G   0.06102   0.03689  0.006054     0.104         9       480    0.4548    0.4684    0.4162     0.107   0.06041   0.02451  0.007871
     32/99     1.81G   0.06043   0.03746   0.00576    0.1036        33       480    0.4436     0.517    0.4274    0.1195   0.06155   0.02476  0.008578
     33/99     1.81G   0.06048   0.03716  0.005428    0.1031        17       480     0.527    0.4223     0.414    0.1082   0.06215   0.02481  0.004828
     34/99     1.81G   0.05937   0.03803  0.004871    0.1023        27       480    0.4962    0.4383    0.4093    0.1015   0.06196   0.02354  0.008452
     35/99     1.81G   0.05888    0.0366  0.005467    0.1009        11       480    0.4819    0.5335    0.4409    0.1369    0.0599   0.02394  0.007104
     36/99     1.81G   0.05876   0.03558  0.004654   0.09899        25       480    0.4624    0.5398    0.4605    0.1459   0.05861   0.02401  0.005802
     37/99     1.81G    0.0588   0.03618  0.004446   0.09943        27       480    0.5181    0.5076    0.4543    0.1425   0.05941   0.02406  0.007662
     38/99     1.81G   0.05866   0.03527  0.004341   0.09827        24       480      0.38    0.6088    0.4355    0.1474   0.05986    0.0235  0.006026
     39/99     1.81G   0.05832   0.03667  0.004613   0.09961        10       480    0.4371    0.5588    0.4465    0.1438   0.06182    0.0242   0.01009
     40/99     1.81G   0.05792    0.0362  0.004165   0.09829        82       480    0.4895    0.5646    0.4826    0.1616   0.05808   0.02354  0.006213
     41/99     1.81G   0.05748   0.03506  0.004221   0.09676        12       480    0.5494    0.5689    0.5159    0.1828   0.05952   0.02316  0.007753
     42/99     1.81G   0.05777   0.03631   0.00447   0.09856        33       480    0.5442    0.5677    0.5284     0.197   0.05799   0.02329   0.00528
     43/99     1.81G   0.05796   0.03639  0.003743   0.09809        22       480    0.4464    0.5703    0.4649    0.1632   0.06002   0.02363   0.01091
     44/99     1.81G   0.05643   0.03435  0.003673   0.09445        22       480    0.5566    0.5119    0.4965    0.1763   0.05881    0.0233  0.007652
     45/99     1.81G   0.05674   0.03535  0.004195   0.09628        31       480    0.5643    0.5026    0.4902    0.1775   0.06086   0.02308  0.008066
     46/99     1.81G   0.05644   0.03494   0.00454   0.09591        14       480    0.5988    0.5189    0.5023    0.1672   0.05999   0.02313  0.007385
     47/99     1.81G   0.05632   0.03609  0.003904   0.09631        41       480    0.5624    0.5433    0.5107    0.1992   0.05859   0.02336  0.008488
     48/99     1.81G    0.0565   0.03444  0.003661    0.0946        12       480    0.4535    0.6056    0.4899     0.163   0.05918   0.02325  0.007934
     49/99     1.81G   0.05593   0.03373  0.003847   0.09351        13       480    0.6053    0.5851    0.5701    0.2273   0.05698     0.023  0.008311
     50/99     1.81G   0.05616    0.0352  0.003693   0.09505        20       480    0.5571    0.5809    0.5252    0.2002   0.05863   0.02265  0.009454
     51/99     1.81G   0.05604    0.0352  0.003598   0.09484        21       480    0.5927    0.5942    0.5618    0.2182   0.05778   0.02283  0.008278
     52/99     1.81G   0.05622   0.03616  0.002851   0.09523        36       480    0.5672    0.6325    0.5609    0.2221   0.05752   0.02278  0.006389
     53/99     1.81G   0.05552   0.03586  0.003089   0.09447        34       480      0.58    0.6469    0.5733    0.2382   0.05707   0.02267  0.009168
     54/99     1.81G   0.05425   0.03458  0.003003   0.09184        28       480    0.6322    0.6338    0.5991    0.2698   0.05657   0.02294  0.007773
     55/99     1.81G   0.05455   0.03478  0.002998   0.09233        18       480    0.5139     0.604    0.5712    0.2003   0.05835   0.02267   0.01022
     56/99     1.81G   0.05482   0.03473  0.003623   0.09317        13       480    0.6288     0.593     0.572    0.2123   0.05767   0.02257   0.01434
     57/99     1.81G   0.05438   0.03267  0.003018   0.09007        25       480    0.6423    0.5913    0.5882    0.2461   0.05695    0.0224  0.005714
     58/99     1.81G   0.05446   0.03436  0.003292   0.09211        20       480    0.6395     0.591    0.5922    0.2322   0.05758   0.02261  0.006881
     59/99     1.81G   0.05364    0.0338  0.002608   0.09005        33       480    0.6916    0.5824    0.6027    0.2541   0.05704   0.02228  0.007591
     60/99     1.81G   0.05475   0.03498  0.003008   0.09274        66       480     0.666    0.6052    0.5948     0.244   0.05901   0.02279   0.01818
     61/99     1.81G   0.05347   0.03358  0.003178   0.09023        15       480    0.6735    0.5676    0.6046    0.2441   0.05675   0.02253  0.008015
     62/99     1.81G   0.05354   0.03516  0.003064   0.09177        23       480    0.6907    0.5559    0.6013    0.2465   0.05765   0.02258   0.01031
     63/99     1.81G   0.05335   0.03412  0.002719   0.09019        32       480    0.5817    0.6449    0.5753    0.2358   0.05738   0.02269   0.01562
     64/99     1.81G   0.05323   0.03335   0.00261    0.0892        14       480    0.6316     0.621    0.6062    0.2419   0.05698   0.02259  0.006102
     65/99     1.81G    0.0533   0.03458  0.002393   0.09027        23       480    0.6228    0.5797     0.598    0.2403   0.05676   0.02279  0.007268
     66/99     1.81G   0.05281    0.0332  0.002195   0.08821        21       480    0.6943    0.6246     0.632    0.2682   0.05535   0.02255  0.004221
     67/99     1.81G    0.0528    0.0345  0.002303   0.08961        35       480    0.6508    0.6265    0.6189    0.2395   0.05649   0.02259  0.004576
     68/99     1.81G    0.0529   0.03423  0.002316   0.08944         8       480    0.6331    0.6042    0.5962    0.2578   0.05641   0.02217  0.005923
     69/99     1.81G   0.05187   0.03327  0.002419   0.08756        31       480    0.5858    0.6526    0.6052    0.2573   0.05601   0.02223  0.004445
     70/99     1.81G   0.05237   0.03423  0.002567   0.08917        23       480    0.6589    0.5885    0.6034     0.248     0.057   0.02276  0.006902
     71/99     1.81G   0.05224   0.03378  0.002157   0.08818        19       480    0.6252     0.598    0.5904    0.2456   0.05581   0.02289  0.003634
     72/99     1.81G   0.05228   0.03271  0.001902   0.08689        26       480    0.6202    0.6315    0.5954    0.2589   0.05583   0.02208  0.004466
     73/99     1.81G   0.05183     0.034  0.002194   0.08803        55       480    0.6299    0.6469    0.6155    0.2496   0.05643    0.0223  0.006215
     74/99     1.81G   0.05148     0.033  0.001939   0.08642        11       480    0.6896    0.6031    0.6214    0.2603     0.056   0.02236  0.004014
     75/99     1.81G   0.05113   0.03354  0.001816   0.08649        28       480    0.6539    0.6046    0.6194    0.2417   0.05589   0.02276  0.003972
     76/99     1.81G   0.05185   0.03417  0.001872   0.08789        22       480     0.686    0.6312    0.6175    0.2483   0.05672    0.0222  0.004982
     77/99     1.81G   0.05155   0.03276  0.001719   0.08602        53       480    0.6671    0.5867      0.61    0.2596   0.05633   0.02254  0.005763
     78/99     1.81G   0.05121   0.03198  0.001794   0.08499        17       480    0.6855     0.618    0.6143    0.2555   0.05711   0.02252  0.006113
     79/99     1.81G   0.05056   0.03312   0.00205   0.08573        30       480     0.658    0.6149     0.606    0.2545   0.05575   0.02248  0.004038
     80/99     1.81G   0.05049   0.03227  0.001828   0.08459        13       480    0.7124     0.638     0.645     0.277   0.05575   0.02239  0.004423
     81/99     1.81G   0.05048   0.03239  0.002078   0.08494        26       480    0.7142    0.5991    0.6191    0.2632   0.05641   0.02222   0.00499
     82/99     1.81G   0.05042   0.03101  0.001742   0.08317        13       480    0.7186    0.6208    0.6513    0.2631   0.05438   0.02253  0.003323
     83/99     1.81G   0.05011   0.03225  0.001592   0.08395        25       480    0.7091    0.6308    0.6496    0.2562   0.05625   0.02244  0.004314
     84/99     1.81G   0.05036   0.03309  0.001763   0.08521        43       480    0.6668    0.6726    0.6385    0.2565   0.05602   0.02244   0.00451
     85/99     1.81G   0.05038    0.0329  0.001578   0.08485        12       480     0.684    0.6325    0.6263    0.2732   0.05648   0.02269  0.007672
     86/99     1.81G   0.04953   0.03113  0.001659   0.08232        17       480    0.7041    0.6294    0.6532    0.2647   0.05544   0.02254  0.003918
     87/99     1.81G   0.04961   0.03244  0.001885   0.08393        55       480    0.7524    0.5732    0.6297    0.2589    0.0568   0.02265  0.004582
     88/99     1.81G   0.05009   0.03267  0.001853   0.08461        16       480    0.6944    0.6471    0.6505    0.2759   0.05532   0.02245  0.004578
     89/99     1.81G    0.0498   0.03255  0.001705   0.08405        28       480    0.6714    0.6092    0.6227    0.2821   0.05584   0.02263   0.00439
     90/99     1.81G   0.04979   0.03117  0.001705   0.08267        27       480    0.6936    0.6353    0.6444    0.2731   0.05498   0.02244  0.003237
     91/99     1.81G   0.04893    0.0313  0.001433   0.08166         3       480     0.679    0.6315    0.6226    0.2604   0.05573   0.02237   0.00522
     92/99     1.81G   0.04956   0.03129  0.001665   0.08252        21       480    0.6344    0.6569     0.615    0.2658   0.05589   0.02248  0.006021
     93/99     1.81G   0.04913   0.03269  0.001571   0.08339        32       480    0.6799    0.6373    0.6218     0.268    0.0558   0.02229  0.004643
     94/99     1.81G   0.04919    0.0321  0.001507    0.0828        21       480    0.6787    0.6572    0.6284    0.2705   0.05606   0.02274  0.005388
     95/99     1.81G   0.04955   0.03128  0.001525   0.08236        24       480    0.7175    0.6301    0.6298    0.2822   0.05648   0.02244  0.004341
     96/99     1.81G   0.04826    0.0307  0.001745    0.0807        31       480    0.7161    0.6207    0.6236    0.2814   0.05546   0.02258  0.004566
     97/99     1.81G   0.04829   0.03209  0.001409   0.08178        24       480    0.7346    0.6337    0.6295    0.2749   0.05509   0.02269   0.00476
     98/99     1.81G   0.04901   0.03126  0.001403   0.08167        28       480     0.627    0.6441    0.5967    0.2541   0.05678    0.0227   0.00703
     99/99     1.81G   0.04947   0.03211  0.001515   0.08309        15       480    0.7159    0.6307    0.6474    0.2758     0.055   0.02247  0.005204
