      0/99     2.71G    0.1025    0.0451   0.04155    0.1891        28       480 0.0004006    0.0291 3.026e-05 6.001e-06   0.09721   0.03262   0.03928
      1/99     4.02G   0.09963   0.04322   0.03688    0.1797        19       480 0.0006753  0.002232 3.049e-05 7.045e-06   0.09894   0.03171   0.03775
      2/99     5.15G   0.09868   0.04194   0.03502    0.1756        25       480  0.001519  0.002232 7.869e-05 1.124e-05   0.09823   0.03141   0.03653
      3/99     5.15G   0.09738   0.04512   0.03356    0.1761        20       480  0.009348   0.04715  0.005523  0.001248   0.09576   0.03126   0.03572
      4/99     5.15G   0.09531   0.04297     0.033    0.1713        29       480   0.00846   0.03473  0.004134 0.0006731   0.09042   0.03383   0.03306
      5/99     5.15G   0.09123   0.04295   0.02914    0.1633        25       480    0.8308   0.04194   0.04219  0.009578   0.08424   0.03435   0.03492
      6/99     5.16G   0.08618    0.0403     0.027    0.1535        40       480    0.5578    0.1306   0.03255  0.006652   0.08198   0.02877   0.02424
      7/99     5.16G   0.08439    0.0397   0.02193     0.146        26       480      0.57    0.1464   0.04501   0.00904   0.07954   0.03247    0.0262
      8/99     5.16G   0.08079   0.04057   0.01784    0.1392        29       480    0.6079    0.1409   0.07896    0.0185   0.07828      0.03   0.02373
      9/99     5.16G   0.07639   0.04016   0.01546     0.132        28       480    0.3672    0.1716   0.08425   0.02053   0.07866   0.03146   0.03523
     10/99     5.16G   0.07538   0.04057   0.01457    0.1305        12       480    0.6263     0.167    0.1104   0.02469   0.07428    0.0364   0.02074
     11/99     5.16G   0.07303   0.04159   0.01324    0.1279        24       480    0.7279    0.1899    0.1748   0.04638   0.06886   0.02835   0.01348
     12/99     5.16G   0.07113   0.03962   0.01196    0.1227        28       480    0.4407    0.1845    0.1436   0.03354   0.07364   0.02938   0.01837
     13/99     5.16G   0.07018   0.03943   0.01147    0.1211        30       480    0.4851     0.227    0.1677    0.0487   0.06752   0.02786   0.01289
     14/99     5.16G   0.06858    0.0389   0.01016    0.1176        10       480    0.5657     0.214    0.1909   0.04828   0.06729   0.02659   0.01319
     15/99     5.16G   0.06767   0.03929  0.009442    0.1164        22       480    0.2626    0.3679    0.2461   0.06113   0.06799   0.02711   0.01626
     16/99     5.16G   0.06635   0.03875  0.009249    0.1143        15       480    0.2698    0.2239    0.2082   0.05643   0.06578   0.02595   0.01016
     17/99     5.16G   0.06675   0.03806  0.008401    0.1132        35       480    0.2583    0.4064    0.2839   0.06891   0.06486   0.02655  0.009103
     18/99     5.16G   0.06519   0.04011  0.008159    0.1135        31       480    0.3208    0.4013    0.2736   0.07038   0.06482   0.02607   0.01364
     19/99     5.16G   0.06469    0.0388  0.008389    0.1119        23       480    0.2694    0.5094    0.2879   0.07519   0.06413   0.02646   0.01388
     20/99     5.16G   0.06411   0.03799  0.008225    0.1103        28       480     0.537    0.2804    0.2871   0.07792   0.06229   0.02679   0.01511
     21/99     5.16G   0.06364   0.03844  0.007241    0.1093        14       480    0.3859    0.4245    0.3046    0.0772   0.06572   0.02599    0.0147
     22/99     5.16G   0.06306   0.03822  0.007451    0.1087        30       480    0.4026    0.4383     0.346    0.1035   0.06284   0.02594   0.01221
     23/99     5.16G   0.06245   0.03879  0.006464    0.1077        26       480    0.3763    0.4776    0.3351   0.08017   0.06366   0.02566  0.009404
     24/99     5.16G   0.06225   0.03838  0.007343     0.108        15       480    0.3128     0.557    0.3428   0.08474   0.06164   0.02566  0.006993
     25/99     5.16G   0.06171   0.03694  0.006454    0.1051        26       480    0.3758    0.4637    0.3664    0.1114   0.06275   0.02624   0.01122
     26/99     5.16G    0.0613   0.03825  0.005844    0.1054        65       480    0.3578     0.526    0.3612    0.1017   0.06235   0.02528  0.009767
     27/99     5.16G   0.06087   0.03803  0.006053     0.105        17       480     0.351    0.4994    0.3668   0.09937   0.06138   0.02501   0.00837
     28/99     5.16G   0.06048   0.03816  0.005244    0.1039        41       480    0.4405    0.5475    0.4256    0.1295   0.06021   0.02506  0.008514
     29/99     5.16G   0.05976   0.03568  0.005626    0.1011        14       480    0.4076    0.4964    0.3944    0.1297   0.05984    0.0246   0.00669
     30/99     5.16G   0.06022   0.03777  0.005099    0.1031        29       480    0.3058    0.6304    0.4013    0.1155   0.05963   0.02515  0.008286
     31/99     5.16G   0.05975   0.03669  0.005378    0.1018        12       480    0.3992    0.5036     0.418    0.1238   0.06062   0.02479  0.009226
     32/99     5.16G   0.05905   0.03805  0.005195    0.1023        24       480    0.4072     0.519    0.4069    0.1253   0.06144   0.02477  0.009714
     33/99     5.16G   0.05904   0.03702  0.004963     0.101        29       480    0.4608    0.5677    0.4554    0.1386   0.05981   0.02427  0.008919
     34/99     5.16G    0.0586   0.03594  0.004776   0.09931        18       480    0.5424    0.4952    0.4627    0.1391   0.05971   0.02486  0.005508
     35/99     5.16G   0.05804   0.03605  0.004357   0.09845        22       480    0.5438    0.5193    0.4886    0.1667   0.05869    0.0243  0.006537
     36/99     5.16G   0.05835   0.03629   0.00513   0.09977        23       480    0.4545    0.6142    0.4929     0.173   0.05865   0.02408  0.005828
     37/99     5.16G   0.05773   0.03685  0.004833   0.09941         6       480    0.5983    0.5084    0.5143      0.18   0.05921   0.02381  0.007269
     38/99     5.16G   0.05746   0.03575  0.004127   0.09734        51       480    0.5014    0.5696    0.4877    0.1817   0.06016   0.02406  0.009876
     39/99     5.16G   0.05713   0.03649  0.003898   0.09752        39       480    0.5423    0.6369    0.5563    0.1983   0.05842     0.024  0.004442
     40/99     5.16G   0.05614   0.03622  0.003626   0.09599        15       480     0.459    0.5868    0.4669     0.157   0.05924   0.02382  0.007184
     41/99     5.16G   0.05662   0.03479  0.003891    0.0953        20       480    0.5394    0.5565    0.5397    0.1904   0.05813   0.02404  0.006838
     42/99     5.16G    0.0564   0.03482  0.003983   0.09521        42       480    0.5663    0.5722    0.5306    0.1897   0.05815   0.02338  0.007229
     43/99     5.16G   0.05655   0.03502  0.003655   0.09522        14       480    0.5407    0.5365    0.5021     0.213   0.05965   0.02405  0.008753
     44/99     5.16G   0.05616   0.03631  0.003883   0.09635        50       480    0.5704    0.5687     0.534     0.202   0.05781   0.02289  0.009576
     45/99     5.16G    0.0552   0.03482  0.003686   0.09371        26       480    0.5379    0.5613    0.5179    0.1804   0.05889   0.02342  0.007191
     46/99     5.16G   0.05564   0.03567  0.003293   0.09461        17       480    0.6304    0.5916    0.5782    0.2221   0.05703    0.0234  0.007371
     47/99     5.16G    0.0552   0.03478  0.003252   0.09323        15       480    0.5556    0.6364    0.5767    0.2113   0.05841   0.02272   0.01228
     48/99     5.16G   0.05458   0.03454  0.003211   0.09233        26       480    0.6667    0.5372     0.561    0.1947   0.05729    0.0235  0.007228
     49/99     5.16G   0.05494   0.03306  0.003222   0.09123        33       480    0.6061    0.5976    0.5718     0.227   0.05729   0.02322   0.01141
     50/99     5.16G   0.05421   0.03398   0.00343   0.09162        48       480    0.5511     0.593    0.5437    0.2117   0.05771   0.02348  0.007442
     51/99     5.16G   0.05497   0.03511    0.0029   0.09298        17       480    0.5291    0.6535    0.5722    0.2165   0.05824   0.02285  0.006131
     52/99     5.16G   0.05387   0.03459   0.00296   0.09142        25       480    0.5304    0.6043    0.5573    0.1836   0.05785   0.02307  0.003685
     53/99     5.16G   0.05387   0.03445  0.002807   0.09113        27       480    0.6052    0.5819    0.5643    0.1909   0.05717   0.02318   0.01238
     54/99     5.16G   0.05356   0.03442  0.002745   0.09072        19       480    0.6407    0.5654    0.5541    0.2047   0.05781   0.02267  0.008341
     55/99     5.16G   0.05312   0.03331  0.002278   0.08871        33       480    0.6011    0.6111    0.5796    0.2303   0.05677   0.02259  0.007444
     56/99     5.16G   0.05313   0.03346  0.002567   0.08916        16       480    0.5944    0.5971    0.5835    0.2186   0.05787   0.02263   0.01079
     57/99     5.16G    0.0529   0.03436  0.002492   0.08975        31       480    0.6542    0.5739    0.6095      0.24   0.05624   0.02245  0.008094
     58/99     5.16G   0.05297   0.03462  0.002442   0.09003        19       480    0.6537    0.6219    0.6001     0.238   0.05639   0.02304  0.004687
     59/99     5.16G   0.05194   0.03309   0.00254   0.08757        23       480    0.6233     0.624    0.6049    0.2556   0.05512   0.02293  0.003986
     60/99     5.16G   0.05224   0.03398  0.001867   0.08809        22       480    0.6219     0.577    0.5774    0.2314   0.05672    0.0228   0.01263
     61/99     5.16G   0.05135   0.03365  0.002466   0.08746        20       480    0.6217     0.626     0.614    0.2528   0.05649   0.02256   0.00669
     62/99     5.16G   0.05132   0.03238  0.002605   0.08631        23       480    0.6422     0.544    0.5665    0.2205   0.05815   0.02264   0.01265
     63/99     5.16G   0.05229   0.03444  0.002975    0.0897        27       480    0.5233    0.6896    0.5948    0.2179   0.05657   0.02291  0.005874
     64/99     5.16G   0.05154   0.03313  0.002395   0.08706        10       480    0.6593      0.63    0.6179     0.232   0.05819   0.02275  0.009781
     65/99     5.16G   0.05219   0.03307  0.002334   0.08759        16       480    0.6415    0.6256    0.5986    0.2347   0.05692   0.02258   0.01063
     66/99     5.16G   0.05169    0.0336  0.002178   0.08747        27       480    0.6486    0.6451    0.6215    0.2533   0.05617   0.02264  0.005918
     67/99     5.16G   0.05137   0.03334  0.002077   0.08678         7       480     0.644    0.6367    0.6179    0.2458   0.05664   0.02238  0.005757
     68/99     5.16G   0.05055   0.03269  0.001825   0.08507        43       480     0.658    0.6174    0.6099    0.2344   0.05634   0.02263  0.007097
     69/99     5.16G   0.05038    0.0333  0.001603   0.08529        16       480    0.6815    0.6376    0.6251    0.2655   0.05624   0.02241  0.006097
     70/99     5.16G     0.051     0.033  0.002113   0.08611        37       480     0.647    0.6331    0.6221    0.2677   0.05677   0.02259  0.009627
     71/99     5.16G   0.05103   0.03397  0.001853   0.08685        19       480    0.6818    0.5951    0.6013    0.2596    0.0567   0.02232  0.006226
     72/99     5.16G   0.05004   0.03259  0.001693   0.08432        24       480     0.702    0.5917    0.6019    0.2732   0.05661   0.02235    0.0053
     73/99     5.16G      0.05   0.03348   0.00161    0.0851        25       480    0.7495     0.583     0.623    0.2606   0.05633   0.02255  0.005822
     74/99     5.16G   0.04955   0.03238  0.001534   0.08346        18       480    0.7449    0.5936    0.6313    0.2441   0.05654   0.02237  0.005918
     75/99     5.16G   0.04973   0.03317  0.001617   0.08452        24       480    0.7034    0.6419    0.6422    0.2619   0.05621   0.02287  0.007041
     76/99     5.16G   0.04897   0.03074   0.00172   0.08143        17       480    0.6401    0.6565    0.6256    0.2716   0.05552   0.02275  0.005606
     77/99     5.16G   0.04911   0.03213  0.001594   0.08283        11       480    0.6498     0.649    0.6193    0.2764   0.05605   0.02247  0.008195
     78/99     5.16G   0.04886   0.03248  0.001455   0.08279        18       480    0.6904    0.6513    0.6458    0.2695   0.05503   0.02263  0.006397
     79/99     5.16G   0.04945   0.03184  0.001585   0.08287        21       480    0.6957    0.6195    0.6235    0.2792   0.05618   0.02294  0.006923
     80/99     5.16G   0.04881   0.03198  0.001816    0.0826        30       480    0.6365    0.6382    0.6096    0.2673    0.0567   0.02286  0.006817
     81/99     5.16G   0.04911   0.03232  0.001534   0.08296        17       480     0.723    0.5898    0.6193    0.2701   0.05688   0.02251  0.009121
     82/99     5.16G   0.04829   0.03111   0.00157   0.08097        20       480    0.7421    0.6095    0.6326     0.266   0.05632   0.02264  0.004552
     83/99     5.16G    0.0486   0.03153  0.001397   0.08152        19       480    0.6893    0.6103    0.6218    0.2794   0.05684   0.02264  0.004095
     84/99     5.16G   0.04814   0.03303  0.001254   0.08242        40       480    0.7125     0.617     0.628    0.2702   0.05686   0.02273  0.007728
     85/99     5.16G   0.04782   0.03096  0.001367   0.08015         9       480     0.662    0.6407     0.618    0.2676   0.05638    0.0226  0.004564
     86/99     5.16G   0.04851   0.03153  0.001223   0.08127        29       480    0.6795    0.6541    0.6462    0.2727   0.05683   0.02278  0.006781
     87/99     5.16G   0.04746   0.03119  0.001225   0.07988        14       480    0.7038    0.6302    0.6324    0.2653   0.05652   0.02231  0.005094
     88/99     5.16G   0.04724   0.03193  0.001445   0.08061        29       480    0.7571    0.6359    0.6421    0.2788   0.05578   0.02228  0.005618
     89/99     5.16G   0.04749   0.03203  0.001238   0.08076        21       480    0.7049    0.5938    0.6137    0.2608   0.05693   0.02258  0.005933
     90/99     5.16G   0.04798   0.03178    0.0013   0.08107        21       480     0.702    0.6301    0.6212    0.2654   0.05753   0.02266    0.0059
     91/99     5.16G   0.04711   0.03094  0.001311   0.07936        38       480    0.7178    0.5831    0.6121    0.2469   0.05691    0.0227  0.008288
     92/99     5.16G   0.04674   0.03088   0.00132   0.07894        12       480    0.7165    0.6075    0.6154    0.2737   0.05691   0.02255  0.008483
     93/99     5.16G   0.04709   0.03172   0.00127   0.08007        25       480    0.6592    0.6408    0.6117    0.2627   0.05679   0.02281  0.007641
     94/99     5.16G   0.04758   0.03192  0.001241   0.08074        22       480    0.6867    0.6508    0.6188     0.259   0.05602    0.0228  0.006052
     95/99     5.16G   0.04713   0.03126  0.001245   0.07963        38       480    0.7037    0.6292    0.6183    0.2628   0.05675   0.02288  0.006384
     96/99     5.16G   0.04674   0.03167  0.001117   0.07953        21       480     0.707    0.6389    0.6275    0.2739    0.0559   0.02274  0.006729
     97/99     5.16G   0.04604   0.02838  0.001158   0.07558        16       480    0.6844    0.6523    0.6228    0.2651   0.05663   0.02263  0.006558
     98/99     5.16G   0.04701   0.03129  0.001106    0.0794        26       480    0.7041    0.6218    0.6121    0.2642   0.05657   0.02289  0.005307
     99/99     5.16G   0.04631   0.03103  0.001048   0.07838        16       480     0.703     0.617    0.6134      0.27   0.05611   0.02269  0.006964
